pagerank on the favorites graph:

5 iters:

1. 752705	51.2921
2. 63493914	40.1452
3. 3158948	39.8693
4. 38222919	33.4287
5. 14730	27.174
6. 375	25.2152
7. 3941306	21.7867
8. 2185275	21.086
9. 483960	20.7437
10. 1819173	19.6256
11. 445063	18.8978
12. 430558	18.7066
13. 24145368	18.3111
14. 40410772	16.9925
15. 15042	16.662
16. 95982	16.6209
17. 175643	15.9391
18. 175766	15.8503
19. 80872	15.8205
20. 61046	15.1018

5 iters sync:

1. 63493914	122.009
2. 38222919	82.9478
3. 3158948	75.4599
4. 752705	72.3605
5. 24145368	44.3256
6. 3941306	42.3978
7. 40410772	40.2389
8. 14730	36.0456
9. 375	34.4233
10. 8338230	33.1739
11. 483960	32.7609
12. 2185275	29.8366
13. 445063	29.7889
14. 1197859	29.6957
15. 218993	29.3248
16. 44921928	29.0264
17. 1887081	28.7488
18. 1819173	27.4849
19. 3436341	25.0641
20. 430558	25.0604

20 iters:

1. 840950	0.910034
2. 190	0.592604
3. 14989	0.0758268
4. 203	0.0753824
5. 626598	0.0719229
6. 11716017	0.0610389
7. 724640	0.0578218
8. 296190	0.04417
9. 1540	0.0413022
10. 1999094	0.0375486
11. 1490662	0.0365287
12. 1406975	0.0359246
13. 2873540	0.0189788
14. 4398315	0.0161624
15. 125857	0.0161029
16. 54952	0.0127535
17. 625599	0.0122874
18. 2784296	0.0112763
19. 302173	0.0107145
20. 23613	0.0104884

20 iters sync:

1. 840950	1.24661
2. 190	1.004
3. 203	0.932186
4. 11716017	0.777743
5. 63493914	0.432506
6. 38222919	0.316271
7. 3158948	0.282202
8. 163598	0.279522
9. 4398315	0.217906
10. 46949046	0.210751
11. 2873540	0.208717
12. 44921928	0.206063
13. 79581682	0.199895
14. 175766	0.198232
15. 1057056	0.1964
16. 724640	0.158868
17. 2185275	0.14644
18. 24145368	0.134393
19. 23613	0.134215
20. 20870405	0.133727

100 iters:

1. 840950	2.21015e-06
2. 190	1.47277e-06
3. 63493914	1.13223e-06
4. 752705	9.21197e-07
5. 3158948	8.66619e-07
6. 38222919	6.90998e-07
7. 445063	6.26444e-07
8. 24145368	5.65593e-07
9. 3941306	5.52348e-07
10. 14730	4.87661e-07
11. 40410772	4.58183e-07
12. 483960	4.53408e-07
13. 375	4.36042e-07
14. 1819173	4.06042e-07
15. 8338230	3.98969e-07
16. 430558	3.37207e-07
17. 95982	3.23414e-07
18. 80872	3.13677e-07
19. 2976616	3.09695e-07
20. 3436341	3.09401e-07

100 iters sync:

1. 840950	2.97958e-06
2. 190	2.41351e-06
3. 63493914	1.13232e-06
4. 752705	9.21241e-07
5. 3158948	8.66674e-07
6. 38222919	6.91052e-07
7. 445063	6.2648e-07
8. 24145368	5.65647e-07
9. 3941306	5.52522e-07
10. 4398315	5.23801e-07
11. 2873540	5.02327e-07
12. 14730	4.87675e-07
13. 79581682	4.79445e-07
14. 40410772	4.58204e-07
15. 483960	4.53426e-07
16. 375	4.36096e-07
17. 1819173	4.06057e-07
18. 203	4.05936e-07
19. 8338230	3.99051e-07
20. 11716017	3.60464e-07

500 iters sync:

1. 63493914	1.13227e-06
2. 752705	9.21198e-07
3. 3158948	8.66673e-07
4. 38222919	6.91025e-07
5. 445063	6.26452e-07
6. 24145368	5.65625e-07
7. 3941306	5.52349e-07
8. 14730	4.87658e-07
9. 40410772	4.58184e-07
10. 483960	4.53409e-07
11. 375	4.36045e-07
12. 1819173	4.06044e-07
13. 8338230	3.98969e-07
14. 430558	3.37207e-07
15. 95982	3.23414e-07
16. 80872	3.13676e-07
17. 2976616	3.09695e-07
18. 3436341	3.09399e-07
19. 16730	3.00785e-07
20. 7394738	2.92408e-07
